 1 0.9781476 0.20791169 1
 31 0.9781476 0.20791169 0
 61 0.4890738 0.10395584 1
 91 0.4890738 0.10395584 0
 2 0.9135454 0.40673664 1
 32 0.9135454 0.40673664 0
 62 0.4567727 0.20336832 1
 92 0.4567727 0.20336832 0
 3 0.809017 0.58778524 1
 33 0.809017 0.58778524 0
 63 0.4045085 0.29389262 1
 93 0.4045085 0.29389262 0
 4 0.6691306 0.7431448 1
 34 0.6691306 0.7431448 0
 64 0.3345653 0.3715724 1
 94 0.3345653 0.3715724 0
 5 0.5 0.8660254 1
 35 0.5 0.8660254 0
 65 0.25 0.4330127 1
 95 0.25 0.4330127 0
 6 0.309017 0.95105654 1
 36 0.309017 0.95105654 0
 66 0.1545085 0.47552827 1
 96 0.1545085 0.47552827 0
 7 0.104528464 0.9945219 1
 37 0.104528464 0.9945219 0
 67 0.052264232 0.49726096 1
 97 0.052264232 0.49726096 0
 8 -0.104528464 0.9945219 1
 38 -0.104528464 0.9945219 0
 68 -0.052264232 0.49726096 1
 98 -0.052264232 0.49726096 0
 9 -0.309017 0.95105654 1
 39 -0.309017 0.95105654 0
 69 -0.1545085 0.47552827 1
 99 -0.1545085 0.47552827 0
 10 -0.5 0.8660254 1
 40 -0.5 0.8660254 0
 70 -0.25 0.4330127 1
 100 -0.25 0.4330127 0
 11 -0.6691306 0.7431448 1
 41 -0.6691306 0.7431448 0
 71 -0.3345653 0.3715724 1
 101 -0.3345653 0.3715724 0
 12 -0.809017 0.58778524 1
 42 -0.809017 0.58778524 0
 72 -0.4045085 0.29389262 1
 102 -0.4045085 0.29389262 0
 13 -0.9135454 0.40673664 1
 43 -0.9135454 0.40673664 0
 73 -0.4567727 0.20336832 1
 103 -0.4567727 0.20336832 0
 14 -0.9781476 0.20791169 1
 44 -0.9781476 0.20791169 0
 74 -0.4890738 0.10395584 1
 104 -0.4890738 0.10395584 0
 15 -1.0 0.0 1
 45 -1.0 0.0 0
 75 -0.5 0.0 1
 105 -0.5 0.0 0
 16 -0.9781476 -0.20791169 1
 46 -0.9781476 -0.20791169 0
 76 -0.4890738 -0.10395584 1
 106 -0.4890738 -0.10395584 0
 17 -0.9135454 -0.40673664 1
 47 -0.9135454 -0.40673664 0
 77 -0.4567727 -0.20336832 1
 107 -0.4567727 -0.20336832 0
 18 -0.809017 -0.58778524 1
 48 -0.809017 -0.58778524 0
 78 -0.4045085 -0.29389262 1
 108 -0.4045085 -0.29389262 0
 19 -0.6691306 -0.7431448 1
 49 -0.6691306 -0.7431448 0
 79 -0.3345653 -0.3715724 1
 109 -0.3345653 -0.3715724 0
 20 -0.5 -0.8660254 1
 50 -0.5 -0.8660254 0
 80 -0.25 -0.4330127 1
 110 -0.25 -0.4330127 0
 21 -0.309017 -0.95105654 1
 51 -0.309017 -0.95105654 0
 81 -0.1545085 -0.47552827 1
 111 -0.1545085 -0.47552827 0
 22 -0.104528464 -0.9945219 1
 52 -0.104528464 -0.9945219 0
 82 -0.052264232 -0.49726096 1
 112 -0.052264232 -0.49726096 0
 23 0.104528464 -0.9945219 1
 53 0.104528464 -0.9945219 0
 83 0.052264232 -0.49726096 1
 113 0.052264232 -0.49726096 0
 24 0.309017 -0.95105654 1
 54 0.309017 -0.95105654 0
 84 0.1545085 -0.47552827 1
 114 0.1545085 -0.47552827 0
 25 0.5 -0.8660254 1
 55 0.5 -0.8660254 0
 85 0.25 -0.4330127 1
 115 0.25 -0.4330127 0
 26 0.6691306 -0.7431448 1
 56 0.6691306 -0.7431448 0
 86 0.3345653 -0.3715724 1
 116 0.3345653 -0.3715724 0
 27 0.809017 -0.58778524 1
 57 0.809017 -0.58778524 0
 87 0.4045085 -0.29389262 1
 117 0.4045085 -0.29389262 0
 28 0.9135454 -0.40673664 1
 58 0.9135454 -0.40673664 0
 88 0.4567727 -0.20336832 1
 118 0.4567727 -0.20336832 0
 29 0.9781476 -0.20791169 1
 59 0.9781476 -0.20791169 0
 89 0.4890738 -0.10395584 1
 119 0.4890738 -0.10395584 0
 30 1.0 0.0 1
 60 1.0 0.0 0
 90 0.5 0.0 1
 120 0.5 0.0 0
Faces:
 1 2 3 4 5 6 7 8 9 10 11 12 13 14 15 16 17 18 19 20 21 22 23 24 25 26 27 28 29 30 -90 89 88 87 86 85 84 83 82 81 80 79 78 77 76 75 74 73 72 71 70 69 68 67 66 65 64 63 62 61 90 -30.
 60 59 58 57 56 55 54 53 52 51 50 49 48 47 46 45 44 43 42 41 40 39 38 37 36 35 34 33 32 31 -91 92 93 94 95 96 97 98 99 100 101 102 103 104 105 106 107 108 109 110 111 112 113 114 115 116 117 118 119 120 91 -31.
 2 1 31 32.
 61 62 92 91.
 3 2 32 33.
 62 63 93 92.
 4 3 33 34.
 63 64 94 93.
 5 4 34 35.
 64 65 95 94.
 6 5 35 36.
 65 66 96 95.
 7 6 36 37.
 66 67 97 96.
 8 7 37 38.
 67 68 98 97.
 9 8 38 39.
 68 69 99 98.
 10 9 39 40.
 69 70 100 99.
 11 10 40 41.
 70 71 101 100.
 12 11 41 42.
 71 72 102 101.
 13 12 42 43.
 72 73 103 102.
 14 13 43 44.
 73 74 104 103.
 15 14 44 45.
 74 75 105 104.
 16 15 45 46.
 75 76 106 105.
 17 16 46 47.
 76 77 107 106.
 18 17 47 48.
 77 78 108 107.
 19 18 48 49.
 78 79 109 108.
 20 19 49 50.
 79 80 110 109.
 21 20 50 51.
 80 81 111 110.
 22 21 51 52.
 81 82 112 111.
 23 22 52 53.
 82 83 113 112.
 24 23 53 54.
 83 84 114 113.
 25 24 54 55.
 84 85 115 114.
 26 25 55 56.
 85 86 116 115.
 27 26 56 57.
 86 87 117 116.
 28 27 57 58.
 87 88 118 117.
 29 28 58 59.
 88 89 119 118.
 30 29 59 60.
 89 90 120 119.
 1 30 60 31.
 90 61 91 120.
