 1 0.09781476 0.02079117 0.15
 31 0.19562952 0.04158234 0.0
 61 0.2445369 0.05197792 0.0
 91 0.2445369 0.05197792 0.05
 121 0.19562952 0.04158234 0.2
 151 0.19562952 0.04158234 0.3
 181 0.2445369 0.05197792 0.45
 211 0.2445369 0.05197792 0.5
 241 0.19562952 0.04158234 0.5
 271 0.09781476 0.02079117 0.35
 2 0.09135455 0.040673666 0.15
 32 0.1827091 0.08134733 0.0
 62 0.22838636 0.10168416 0.0
 92 0.22838636 0.10168416 0.05
 122 0.1827091 0.08134733 0.2
 152 0.1827091 0.08134733 0.3
 182 0.22838636 0.10168416 0.45
 212 0.22838636 0.10168416 0.5
 242 0.1827091 0.08134733 0.5
 272 0.09135455 0.040673666 0.35
 3 0.0809017 0.058778524 0.15
 33 0.1618034 0.11755705 0.0
 63 0.20225425 0.14694631 0.0
 93 0.20225425 0.14694631 0.05
 123 0.1618034 0.11755705 0.2
 153 0.1618034 0.11755705 0.3
 183 0.20225425 0.14694631 0.45
 213 0.20225425 0.14694631 0.5
 243 0.1618034 0.11755705 0.5
 273 0.0809017 0.058778524 0.35
 4 0.06691306 0.07431448 0.15
 34 0.13382612 0.14862897 0.0
 64 0.16728266 0.1857862 0.0
 94 0.16728266 0.1857862 0.05
 124 0.13382612 0.14862897 0.2
 154 0.13382612 0.14862897 0.3
 184 0.16728266 0.1857862 0.45
 214 0.16728266 0.1857862 0.5
 244 0.13382612 0.14862897 0.5
 274 0.06691306 0.07431448 0.35
 5 0.05 0.08660254 0.15
 35 0.1 0.17320508 0.0
 65 0.125 0.21650635 0.0
 95 0.125 0.21650635 0.05
 125 0.1 0.17320508 0.2
 155 0.1 0.17320508 0.3
 185 0.125 0.21650635 0.45
 215 0.125 0.21650635 0.5
 245 0.1 0.17320508 0.5
 275 0.05 0.08660254 0.35
 6 0.0309017 0.095105655 0.15
 36 0.0618034 0.19021131 0.0
 66 0.07725425 0.23776414 0.0
 96 0.07725425 0.23776414 0.05
 126 0.0618034 0.19021131 0.2
 156 0.0618034 0.19021131 0.3
 186 0.07725425 0.23776414 0.45
 216 0.07725425 0.23776414 0.5
 246 0.0618034 0.19021131 0.5
 276 0.0309017 0.095105655 0.35
 7 0.010452846 0.09945219 0.15
 37 0.020905692 0.19890438 0.0
 67 0.026132116 0.24863048 0.0
 97 0.026132116 0.24863048 0.05
 127 0.020905692 0.19890438 0.2
 157 0.020905692 0.19890438 0.3
 187 0.026132116 0.24863048 0.45
 217 0.026132116 0.24863048 0.5
 247 0.020905692 0.19890438 0.5
 277 0.010452846 0.09945219 0.35
 8 -0.010452846 0.09945219 0.15
 38 -0.020905692 0.19890438 0.0
 68 -0.026132116 0.24863048 0.0
 98 -0.026132116 0.24863048 0.05
 128 -0.020905692 0.19890438 0.2
 158 -0.020905692 0.19890438 0.3
 188 -0.026132116 0.24863048 0.45
 218 -0.026132116 0.24863048 0.5
 248 -0.020905692 0.19890438 0.5
 278 -0.010452846 0.09945219 0.35
 9 -0.0309017 0.095105655 0.15
 39 -0.0618034 0.19021131 0.0
 69 -0.07725425 0.23776414 0.0
 99 -0.07725425 0.23776414 0.05
 129 -0.0618034 0.19021131 0.2
 159 -0.0618034 0.19021131 0.3
 189 -0.07725425 0.23776414 0.45
 219 -0.07725425 0.23776414 0.5
 249 -0.0618034 0.19021131 0.5
 279 -0.0309017 0.095105655 0.35
 10 -0.05 0.08660254 0.15
 40 -0.1 0.17320508 0.0
 70 -0.125 0.21650635 0.0
 100 -0.125 0.21650635 0.05
 130 -0.1 0.17320508 0.2
 160 -0.1 0.17320508 0.3
 190 -0.125 0.21650635 0.45
 220 -0.125 0.21650635 0.5
 250 -0.1 0.17320508 0.5
 280 -0.05 0.08660254 0.35
 11 -0.06691306 0.07431448 0.15
 41 -0.13382612 0.14862897 0.0
 71 -0.16728266 0.1857862 0.0
 101 -0.16728266 0.1857862 0.05
 131 -0.13382612 0.14862897 0.2
 161 -0.13382612 0.14862897 0.3
 191 -0.16728266 0.1857862 0.45
 221 -0.16728266 0.1857862 0.5
 251 -0.13382612 0.14862897 0.5
 281 -0.06691306 0.07431448 0.35
 12 -0.0809017 0.058778524 0.15
 42 -0.1618034 0.11755705 0.0
 72 -0.20225425 0.14694631 0.0
 102 -0.20225425 0.14694631 0.05
 132 -0.1618034 0.11755705 0.2
 162 -0.1618034 0.11755705 0.3
 192 -0.20225425 0.14694631 0.45
 222 -0.20225425 0.14694631 0.5
 252 -0.1618034 0.11755705 0.5
 282 -0.0809017 0.058778524 0.35
 13 -0.09135455 0.040673666 0.15
 43 -0.1827091 0.08134733 0.0
 73 -0.22838636 0.10168416 0.0
 103 -0.22838636 0.10168416 0.05
 133 -0.1827091 0.08134733 0.2
 163 -0.1827091 0.08134733 0.3
 193 -0.22838636 0.10168416 0.45
 223 -0.22838636 0.10168416 0.5
 253 -0.1827091 0.08134733 0.5
 283 -0.09135455 0.040673666 0.35
 14 -0.09781476 0.02079117 0.15
 44 -0.19562952 0.04158234 0.0
 74 -0.2445369 0.05197792 0.0
 104 -0.2445369 0.05197792 0.05
 134 -0.19562952 0.04158234 0.2
 164 -0.19562952 0.04158234 0.3
 194 -0.2445369 0.05197792 0.45
 224 -0.2445369 0.05197792 0.5
 254 -0.19562952 0.04158234 0.5
 284 -0.09781476 0.02079117 0.35
 15 -0.1 0.0 0.15
 45 -0.2 0.0 0.0
 75 -0.25 0.0 0.0
 105 -0.25 0.0 0.05
 135 -0.2 0.0 0.2
 165 -0.2 0.0 0.3
 195 -0.25 0.0 0.45
 225 -0.25 0.0 0.5
 255 -0.2 0.0 0.5
 285 -0.1 0.0 0.35
 16 -0.09781476 -0.02079117 0.15
 46 -0.19562952 -0.04158234 0.0
 76 -0.2445369 -0.05197792 0.0
 106 -0.2445369 -0.05197792 0.05
 136 -0.19562952 -0.04158234 0.2
 166 -0.19562952 -0.04158234 0.3
 196 -0.2445369 -0.05197792 0.45
 226 -0.2445369 -0.05197792 0.5
 256 -0.19562952 -0.04158234 0.5
 286 -0.09781476 -0.02079117 0.35
 17 -0.09135455 -0.040673666 0.15
 47 -0.1827091 -0.08134733 0.0
 77 -0.22838636 -0.10168416 0.0
 107 -0.22838636 -0.10168416 0.05
 137 -0.1827091 -0.08134733 0.2
 167 -0.1827091 -0.08134733 0.3
 197 -0.22838636 -0.10168416 0.45
 227 -0.22838636 -0.10168416 0.5
 257 -0.1827091 -0.08134733 0.5
 287 -0.09135455 -0.040673666 0.35
 18 -0.0809017 -0.058778524 0.15
 48 -0.1618034 -0.11755705 0.0
 78 -0.20225425 -0.14694631 0.0
 108 -0.20225425 -0.14694631 0.05
 138 -0.1618034 -0.11755705 0.2
 168 -0.1618034 -0.11755705 0.3
 198 -0.20225425 -0.14694631 0.45
 228 -0.20225425 -0.14694631 0.5
 258 -0.1618034 -0.11755705 0.5
 288 -0.0809017 -0.058778524 0.35
 19 -0.06691306 -0.07431448 0.15
 49 -0.13382612 -0.14862897 0.0
 79 -0.16728266 -0.1857862 0.0
 109 -0.16728266 -0.1857862 0.05
 139 -0.13382612 -0.14862897 0.2
 169 -0.13382612 -0.14862897 0.3
 199 -0.16728266 -0.1857862 0.45
 229 -0.16728266 -0.1857862 0.5
 259 -0.13382612 -0.14862897 0.5
 289 -0.06691306 -0.07431448 0.35
 20 -0.05 -0.08660254 0.15
 50 -0.1 -0.17320508 0.0
 80 -0.125 -0.21650635 0.0
 110 -0.125 -0.21650635 0.05
 140 -0.1 -0.17320508 0.2
 170 -0.1 -0.17320508 0.3
 200 -0.125 -0.21650635 0.45
 230 -0.125 -0.21650635 0.5
 260 -0.1 -0.17320508 0.5
 290 -0.05 -0.08660254 0.35
 21 -0.0309017 -0.095105655 0.15
 51 -0.0618034 -0.19021131 0.0
 81 -0.07725425 -0.23776414 0.0
 111 -0.07725425 -0.23776414 0.05
 141 -0.0618034 -0.19021131 0.2
 171 -0.0618034 -0.19021131 0.3
 201 -0.07725425 -0.23776414 0.45
 231 -0.07725425 -0.23776414 0.5
 261 -0.0618034 -0.19021131 0.5
 291 -0.0309017 -0.095105655 0.35
 22 -0.010452846 -0.09945219 0.15
 52 -0.020905692 -0.19890438 0.0
 82 -0.026132116 -0.24863048 0.0
 112 -0.026132116 -0.24863048 0.05
 142 -0.020905692 -0.19890438 0.2
 172 -0.020905692 -0.19890438 0.3
 202 -0.026132116 -0.24863048 0.45
 232 -0.026132116 -0.24863048 0.5
 262 -0.020905692 -0.19890438 0.5
 292 -0.010452846 -0.09945219 0.35
 23 0.010452846 -0.09945219 0.15
 53 0.020905692 -0.19890438 0.0
 83 0.026132116 -0.24863048 0.0
 113 0.026132116 -0.24863048 0.05
 143 0.020905692 -0.19890438 0.2
 173 0.020905692 -0.19890438 0.3
 203 0.026132116 -0.24863048 0.45
 233 0.026132116 -0.24863048 0.5
 263 0.020905692 -0.19890438 0.5
 293 0.010452846 -0.09945219 0.35
 24 0.0309017 -0.095105655 0.15
 54 0.0618034 -0.19021131 0.0
 84 0.07725425 -0.23776414 0.0
 114 0.07725425 -0.23776414 0.05
 144 0.0618034 -0.19021131 0.2
 174 0.0618034 -0.19021131 0.3
 204 0.07725425 -0.23776414 0.45
 234 0.07725425 -0.23776414 0.5
 264 0.0618034 -0.19021131 0.5
 294 0.0309017 -0.095105655 0.35
 25 0.05 -0.08660254 0.15
 55 0.1 -0.17320508 0.0
 85 0.125 -0.21650635 0.0
 115 0.125 -0.21650635 0.05
 145 0.1 -0.17320508 0.2
 175 0.1 -0.17320508 0.3
 205 0.125 -0.21650635 0.45
 235 0.125 -0.21650635 0.5
 265 0.1 -0.17320508 0.5
 295 0.05 -0.08660254 0.35
 26 0.06691306 -0.07431448 0.15
 56 0.13382612 -0.14862897 0.0
 86 0.16728266 -0.1857862 0.0
 116 0.16728266 -0.1857862 0.05
 146 0.13382612 -0.14862897 0.2
 176 0.13382612 -0.14862897 0.3
 206 0.16728266 -0.1857862 0.45
 236 0.16728266 -0.1857862 0.5
 266 0.13382612 -0.14862897 0.5
 296 0.06691306 -0.07431448 0.35
 27 0.0809017 -0.058778524 0.15
 57 0.1618034 -0.11755705 0.0
 87 0.20225425 -0.14694631 0.0
 117 0.20225425 -0.14694631 0.05
 147 0.1618034 -0.11755705 0.2
 177 0.1618034 -0.11755705 0.3
 207 0.20225425 -0.14694631 0.45
 237 0.20225425 -0.14694631 0.5
 267 0.1618034 -0.11755705 0.5
 297 0.0809017 -0.058778524 0.35
 28 0.09135455 -0.040673666 0.15
 58 0.1827091 -0.08134733 0.0
 88 0.22838636 -0.10168416 0.0
 118 0.22838636 -0.10168416 0.05
 148 0.1827091 -0.08134733 0.2
 178 0.1827091 -0.08134733 0.3
 208 0.22838636 -0.10168416 0.45
 238 0.22838636 -0.10168416 0.5
 268 0.1827091 -0.08134733 0.5
 298 0.09135455 -0.040673666 0.35
 29 0.09781476 -0.02079117 0.15
 59 0.19562952 -0.04158234 0.0
 89 0.2445369 -0.05197792 0.0
 119 0.2445369 -0.05197792 0.05
 149 0.19562952 -0.04158234 0.2
 179 0.19562952 -0.04158234 0.3
 209 0.2445369 -0.05197792 0.45
 239 0.2445369 -0.05197792 0.5
 269 0.19562952 -0.04158234 0.5
 299 0.09781476 -0.02079117 0.35
 30 0.1 0.0 0.15
 60 0.2 0.0 0.0
 90 0.25 0.0 0.0
 120 0.25 0.0 0.05
 150 0.2 0.0 0.2
 180 0.2 0.0 0.3
 210 0.25 0.0 0.45
 240 0.25 0.0 0.5
 270 0.2 0.0 0.5
 300 0.1 0.0 0.35
Faces:
 30 29 28 27 26 25 24 23 22 21 20 19 18 17 16 15 14 13 12 11 10 9 8 7 6 5 4 3 2 1.
 271 272 273 274 275 276 277 278 279 280 281 282 283 284 285 286 287 288 289 290 291 292 293 294 295 296 297 298 299 300.
 32 31 1 2.
 62 61 31 32.
 92 91 61 62.
 122 121 91 92.
 152 151 121 122.
 182 181 151 152.
 212 211 181 182.
 242 241 211 212.
 272 271 241 242.
 33 32 2 3.
 63 62 32 33.
 93 92 62 63.
 123 122 92 93.
 153 152 122 123.
 183 182 152 153.
 213 212 182 183.
 243 242 212 213.
 273 272 242 243.
 34 33 3 4.
 64 63 33 34.
 94 93 63 64.
 124 123 93 94.
 154 153 123 124.
 184 183 153 154.
 214 213 183 184.
 244 243 213 214.
 274 273 243 244.
 35 34 4 5.
 65 64 34 35.
 95 94 64 65.
 125 124 94 95.
 155 154 124 125.
 185 184 154 155.
 215 214 184 185.
 245 244 214 215.
 275 274 244 245.
 36 35 5 6.
 66 65 35 36.
 96 95 65 66.
 126 125 95 96.
 156 155 125 126.
 186 185 155 156.
 216 215 185 186.
 246 245 215 216.
 276 275 245 246.
 37 36 6 7.
 67 66 36 37.
 97 96 66 67.
 127 126 96 97.
 157 156 126 127.
 187 186 156 157.
 217 216 186 187.
 247 246 216 217.
 277 276 246 247.
 38 37 7 8.
 68 67 37 38.
 98 97 67 68.
 128 127 97 98.
 158 157 127 128.
 188 187 157 158.
 218 217 187 188.
 248 247 217 218.
 278 277 247 248.
 39 38 8 9.
 69 68 38 39.
 99 98 68 69.
 129 128 98 99.
 159 158 128 129.
 189 188 158 159.
 219 218 188 189.
 249 248 218 219.
 279 278 248 249.
 40 39 9 10.
 70 69 39 40.
 100 99 69 70.
 130 129 99 100.
 160 159 129 130.
 190 189 159 160.
 220 219 189 190.
 250 249 219 220.
 280 279 249 250.
 41 40 10 11.
 71 70 40 41.
 101 100 70 71.
 131 130 100 101.
 161 160 130 131.
 191 190 160 161.
 221 220 190 191.
 251 250 220 221.
 281 280 250 251.
 42 41 11 12.
 72 71 41 42.
 102 101 71 72.
 132 131 101 102.
 162 161 131 132.
 192 191 161 162.
 222 221 191 192.
 252 251 221 222.
 282 281 251 252.
 43 42 12 13.
 73 72 42 43.
 103 102 72 73.
 133 132 102 103.
 163 162 132 133.
 193 192 162 163.
 223 222 192 193.
 253 252 222 223.
 283 282 252 253.
 44 43 13 14.
 74 73 43 44.
 104 103 73 74.
 134 133 103 104.
 164 163 133 134.
 194 193 163 164.
 224 223 193 194.
 254 253 223 224.
 284 283 253 254.
 45 44 14 15.
 75 74 44 45.
 105 104 74 75.
 135 134 104 105.
 165 164 134 135.
 195 194 164 165.
 225 224 194 195.
 255 254 224 225.
 285 284 254 255.
 46 45 15 16.
 76 75 45 46.
 106 105 75 76.
 136 135 105 106.
 166 165 135 136.
 196 195 165 166.
 226 225 195 196.
 256 255 225 226.
 286 285 255 256.
 47 46 16 17.
 77 76 46 47.
 107 106 76 77.
 137 136 106 107.
 167 166 136 137.
 197 196 166 167.
 227 226 196 197.
 257 256 226 227.
 287 286 256 257.
 48 47 17 18.
 78 77 47 48.
 108 107 77 78.
 138 137 107 108.
 168 167 137 138.
 198 197 167 168.
 228 227 197 198.
 258 257 227 228.
 288 287 257 258.
 49 48 18 19.
 79 78 48 49.
 109 108 78 79.
 139 138 108 109.
 169 168 138 139.
 199 198 168 169.
 229 228 198 199.
 259 258 228 229.
 289 288 258 259.
 50 49 19 20.
 80 79 49 50.
 110 109 79 80.
 140 139 109 110.
 170 169 139 140.
 200 199 169 170.
 230 229 199 200.
 260 259 229 230.
 290 289 259 260.
 51 50 20 21.
 81 80 50 51.
 111 110 80 81.
 141 140 110 111.
 171 170 140 141.
 201 200 170 171.
 231 230 200 201.
 261 260 230 231.
 291 290 260 261.
 52 51 21 22.
 82 81 51 52.
 112 111 81 82.
 142 141 111 112.
 172 171 141 142.
 202 201 171 172.
 232 231 201 202.
 262 261 231 232.
 292 291 261 262.
 53 52 22 23.
 83 82 52 53.
 113 112 82 83.
 143 142 112 113.
 173 172 142 143.
 203 202 172 173.
 233 232 202 203.
 263 262 232 233.
 293 292 262 263.
 54 53 23 24.
 84 83 53 54.
 114 113 83 84.
 144 143 113 114.
 174 173 143 144.
 204 203 173 174.
 234 233 203 204.
 264 263 233 234.
 294 293 263 264.
 55 54 24 25.
 85 84 54 55.
 115 114 84 85.
 145 144 114 115.
 175 174 144 145.
 205 204 174 175.
 235 234 204 205.
 265 264 234 235.
 295 294 264 265.
 56 55 25 26.
 86 85 55 56.
 116 115 85 86.
 146 145 115 116.
 176 175 145 146.
 206 205 175 176.
 236 235 205 206.
 266 265 235 236.
 296 295 265 266.
 57 56 26 27.
 87 86 56 57.
 117 116 86 87.
 147 146 116 117.
 177 176 146 147.
 207 206 176 177.
 237 236 206 207.
 267 266 236 237.
 297 296 266 267.
 58 57 27 28.
 88 87 57 58.
 118 117 87 88.
 148 147 117 118.
 178 177 147 148.
 208 207 177 178.
 238 237 207 208.
 268 267 237 238.
 298 297 267 268.
 59 58 28 29.
 89 88 58 59.
 119 118 88 89.
 149 148 118 119.
 179 178 148 149.
 209 208 178 179.
 239 238 208 209.
 269 268 238 239.
 299 298 268 269.
 60 59 29 30.
 90 89 59 60.
 120 119 89 90.
 150 149 119 120.
 180 179 149 150.
 210 209 179 180.
 240 239 209 210.
 270 269 239 240.
 300 299 269 270.
 31 60 30 1.
 61 90 60 31.
 91 120 90 61.
 121 150 120 91.
 151 180 150 121.
 181 210 180 151.
 211 240 210 181.
 241 270 240 211.
 271 300 270 241.
