 1 0.05 0.08660254 0.15
 7 0.1 0.17320508 0.0
 13 0.125 0.21650635 0.0
 19 0.125 0.21650635 0.05
 25 0.1 0.17320508 0.2
 31 0.1 0.17320508 0.3
 37 0.125 0.21650635 0.45
 43 0.125 0.21650635 0.5
 49 0.1 0.17320508 0.5
 55 0.05 0.08660254 0.35
 2 -0.05 0.08660254 0.15
 8 -0.1 0.17320508 0.0
 14 -0.125 0.21650635 0.0
 20 -0.125 0.21650635 0.05
 26 -0.1 0.17320508 0.2
 32 -0.1 0.17320508 0.3
 38 -0.125 0.21650635 0.45
 44 -0.125 0.21650635 0.5
 50 -0.1 0.17320508 0.5
 56 -0.05 0.08660254 0.35
 3 -0.1 0.0 0.15
 9 -0.2 0.0 0.0
 15 -0.25 0.0 0.0
 21 -0.25 0.0 0.05
 27 -0.2 0.0 0.2
 33 -0.2 0.0 0.3
 39 -0.25 0.0 0.45
 45 -0.25 0.0 0.5
 51 -0.2 0.0 0.5
 57 -0.1 0.0 0.35
 4 -0.05 -0.08660254 0.15
 10 -0.1 -0.17320508 0.0
 16 -0.125 -0.21650635 0.0
 22 -0.125 -0.21650635 0.05
 28 -0.1 -0.17320508 0.2
 34 -0.1 -0.17320508 0.3
 40 -0.125 -0.21650635 0.45
 46 -0.125 -0.21650635 0.5
 52 -0.1 -0.17320508 0.5
 58 -0.05 -0.08660254 0.35
 5 0.05 -0.08660254 0.15
 11 0.1 -0.17320508 0.0
 17 0.125 -0.21650635 0.0
 23 0.125 -0.21650635 0.05
 29 0.1 -0.17320508 0.2
 35 0.1 -0.17320508 0.3
 41 0.125 -0.21650635 0.45
 47 0.125 -0.21650635 0.5
 53 0.1 -0.17320508 0.5
 59 0.05 -0.08660254 0.35
 6 0.1 0.0 0.15
 12 0.2 0.0 0.0
 18 0.25 0.0 0.0
 24 0.25 0.0 0.05
 30 0.2 0.0 0.2
 36 0.2 0.0 0.3
 42 0.25 0.0 0.45
 48 0.25 0.0 0.5
 54 0.2 0.0 0.5
 60 0.1 0.0 0.35
Faces:
 6 5 4 3 2 1.
 55 56 57 58 59 60.
 8 7 1 2.
 14 13 7 8.
 20 19 13 14.
 26 25 19 20.
 32 31 25 26.
 38 37 31 32.
 44 43 37 38.
 50 49 43 44.
 56 55 49 50.
 9 8 2 3.
 15 14 8 9.
 21 20 14 15.
 27 26 20 21.
 33 32 26 27.
 39 38 32 33.
 45 44 38 39.
 51 50 44 45.
 57 56 50 51.
 10 9 3 4.
 16 15 9 10.
 22 21 15 16.
 28 27 21 22.
 34 33 27 28.
 40 39 33 34.
 46 45 39 40.
 52 51 45 46.
 58 57 51 52.
 11 10 4 5.
 17 16 10 11.
 23 22 16 17.
 29 28 22 23.
 35 34 28 29.
 41 40 34 35.
 47 46 40 41.
 53 52 46 47.
 59 58 52 53.
 12 11 5 6.
 18 17 11 12.
 24 23 17 18.
 30 29 23 24.
 36 35 29 30.
 42 41 35 36.
 48 47 41 42.
 54 53 47 48.
 60 59 53 54.
 7 12 6 1.
 13 18 12 7.
 19 24 18 13.
 25 30 24 19.
 31 36 30 25.
 37 42 36 31.
 43 48 42 37.
 49 54 48 43.
 55 60 54 49.
